Sat Jan 14 22:26:35 2017
Description: Baseline:

Baseline
---
MAE:
1. 0.81329275
2. 0.803908125
3. 0.797452875
4. 0.8022575
5. 0.80820725
MRSRMSE(0, 49):
1. 1.04794913039
2. 1.03524839391
3. 1.02928457418
4. 1.03268148168
5. 1.04152144597
MRSRMSE(50, 100000):
1. 0.975754190089
2. 0.976119003301
3. 0.985464246532
4. 1.00832850637
5. 1.02016904975
RMSE:
1. 1.03209609654
2. 1.02283352201
3. 1.01894228676
4. 1.02687491935
5. 1.03680114414
---

Sat Jan 14 22:30:07 2017
Description: Content Based:

Weighted Content Based
---
MAE:
1. 0.97054425
2. 0.976905
3. 0.995792125
4. 0.9951675
5. 1.008079375
MRSRMSE(0, 49):
1. 1.19060573871
2. 1.20851020066
3. 1.23965412587
4. 1.24182201899
5. 1.25197813562
MRSRMSE(50, 100000):
1. 1.28619741417
2. 1.27580580432
3. 1.27276858862
4. 1.2850678106
5. 1.3158039811
RMSE:
1. 1.2128392948
2. 1.22328009875
3. 1.24767966993
4. 1.25236338876
5. 1.26648029248
---

Sat Jan 14 22:31:24 2017
Description: KNN pc:

v2.1NearestNeighbour
---
MAE:
1. 1.827912375
2. 1.393152875
3. 1.0052895
4. 0.8851715
5. 0.889373375
MRSRMSE(0, 49):
1. 2.15277024981
2. 1.77039894402
3. 1.34268891235
4. 1.17341403411
5. 1.17782442005
MRSRMSE(50, 100000):
1. 2.46029481935
2. 1.98364876116
3. 1.38385894497
4. 1.1788802439
5. 1.18066003661
RMSE:
1. 2.22589414197
2. 1.81832356272
3. 1.35268140928
4. 1.17473152784
5. 1.17845692804
---

