Tue Dec 13 11:00:43 2016
Description: Final Solution

Final Solution
---
MAE:
1. 0.910031625
2. 0.910712875
3. 0.923440125
4. 0.918576625
5. 0.9314375
MRSRMSE(0, 49):
1. 1.16480552528
2. 1.17786514101
3. 1.21280503976
4. 1.20917858916
5. 1.22122630914
MRSRMSE(50, 1000):
1. 1.02842032295
2. 1.00610362516
3. 0.999422784701
4. 1.02314668835
5. 1.03338309197
RMSE:
1. 1.13545573505
2. 1.14314306355
3. 1.16517532104
4. 1.16713135454
5. 1.18195338635
---

1:(0.6924272486772495, 0.02312177805348635)
2:(0.734967422194497, 0.02704949878650522)
3:(0.7588432781649248, 0.02554635849858697)
4:(0.7469926739926743, 0.026078210238519924)
5:(0.7450134408602155, 0.02368631131538739)
