Tue Nov 22 12:48:56 2016
Description: Weighted Content Based Test

Weighted Content Based
---
NMAE:
1. 0.964835375
2. 0.9625455
3. 0.97277575
4. 0.976764375
5. 0.9889395
NRMSE:
1. 1.20219130289
2. 1.20213652927
3. 1.21034737266
4. 1.22064945265
5. 1.23281107839
UIW:
1. 0.965488528273
2. 1.00453376305
3. 1.02595192884
4. 1.0356681208
5. 1.0595172333
MIW:
1. 0.975704192784
2. 0.977095435684
3. 1.0004037116
4. 1.04253328395
5. 1.04568125568
UIWRS:
1. 1.20930923142
2. 1.25327627856
3. 1.25707998365
4. 1.27958746468
5. 1.30141145501
MIWRS:
1. 1.22093480304
2. 1.22150467437
3. 1.24358546646
4. 1.2988228961
5. 1.30155062403
---

Tue Nov 22 13:02:18 2016
Description: Weighted Content Based Test

Weighted Content Based
---
NMAE:
1. 0.99375
2. 0.9987375
3. 1.0059875
4. 1.0058625
5. 1.0039625
NRMSE:
1. 1.23706305417
2. 1.24156655077
3. 1.24782310445
4. 1.24777301622
5. 1.24642990176
UIW:
1. 0.971982457687
2. 0.9767941405
3. 0.98415345549
4. 0.994262812404
5. 0.9853747065
MIW:
1. 0.976481722577
2. 0.97874259598
3. 1.00538096825
4. 1.04375917517
5. 1.04618051419
UIWRS:
1. 1.22701399389
2. 1.23308240955
3. 1.23982306377
4. 1.24813177383
5. 1.2404916864
MIWRS:
1. 1.22145566888
2. 1.22226238775
3. 1.24264885441
4. 1.27996340812
5. 1.28129357175
---

Tue Nov 22 13:10:12 2016
Description: Weighted Content Based Test

Weighted Content Based
---
NMAE:
1. 1.030570125
2. 1.062613125
3. 1.107522
4. 1.119627625
5. 1.1113715
NRMSE:
1. 1.27939273925
2. 1.3142001032
3. 1.35817399659
4. 1.37333816347
5. 1.36380960273
UIW:
1. 1.02270380929
2. 1.08410410457
3. 1.11625582793
4. 1.14619113052
5. 1.12248790498
MIW:
1. 0.978242894641
2. 0.986059927174
3. 1.04079005053
4. 1.14114337198
5. 1.13815763113
UIWRS:
1. 1.28550522299
2. 1.34840904301
3. 1.3627644245g
4. 1.39894809253
5. 1.37203996579
MIWRS:
1. 1.223736784
2. 1.23145840965
3. 1.28820185113
4. 1.39829223685
5. 1.39284578413
---

Tue Nov 22 13:15:57 2016
Description: Weighted Content Based Test

Weighted Content Based
---
NMAE:
1. 0.960365375
2. 0.957062125
3. 0.957525
4. 0.956566375
5. 0.969143625
NRMSE:
1. 1.19605049172
2. 1.19191617207
3. 1.19145733977
4. 1.19439799742
5. 1.20908846709
UIW:
1. 0.964616464502
2. 1.01232600099
3. 1.02294490031
4. 1.02349779216
5. 1.04739007833
MIW:
1. 0.975580564157
2. 0.976444791359
3. 0.99394585154
4. 1.02255337755
5. 1.03565129517
UIWRS:
1. 1.20756352017
2. 1.25348962072
3. 1.25207163598
4. 1.25683383703
5. 1.2867320924
MIWRS:
1. 1.22065839626
2. 1.22029712377
3. 1.23669780971
4. 1.27750292713
5. 1.29305902443
---

Tue Nov 22 14:01:26 2016
Description: Weighted Content Based Test

Weighted Content Based
---
NMAE:
1. nan
2. nan
3. nan
4. nan
5. nan
NRMSE:
1. nan
2. nan
3. nan
4. nan
5. nan
UIW:
1. nan
2. nan
3. nan
4. nan
5. nan
MIW:
1. nan
2. nan
3. nan
4. nan
5. nan
UIWRS:
1. nan
2. nan
3. nan
4. nan
5. nan
MIWRS:
1. nan
2. nan
3. nan
4. nan
5. nan
---

Tue Nov 22 14:27:47 2016
Description: Weighted Content Based Test

Weighted Content Based
---
NMAE:
1. 1.215678625
2. 1.0989075
3. 1.0033065
4. 0.96697775
5. 0.97941325
NRMSE:
1. 1.45200524233
2. 1.33963563236
3. 1.23782097252
4. 1.20027340635
5. 1.21326722221
UIW:
1. 1.13292171886
2. 1.07689414203
3. 1.03927812089
4. 1.01485286338
5. 1.02104040732
MIW:
1. 1.40047404724
2. 1.37814461971
3. 1.29847575136
4. 1.09679735252
5. 1.10681318169
UIWRS:
1. 1.35335532108
2. 1.30151441653
3. 1.26785154124
4. 1.24643169688
5. 1.25015782021
MIWRS:
1. 1.61898304255
2. 1.60058412489
3. 1.52849281142
4. 1.34371370392
5. 1.35567610199
---

Tue Nov 22 14:37:26 2016
Description: Weighted Content Based Test

Weighted Content Based
---
NMAE:
1. 1.2227215
2. 1.110463625
3. 1.019713625
4. 0.984019625
5. 0.995709625
NRMSE:
1. 1.45987698454
2. 1.35438254613
3. 1.26100222888
4. 1.22669737762
5. 1.23861270228
UIW:
1. 1.1392076713
2. 1.08762963269
3. 1.05747302131
4. 1.0345651111
5. 1.04128435828
MIW:
1. 1.4007376415
2. 1.37917264193
3. 1.30196603701
4. 1.10562570084
5. 1.11475062826
UIWRS:
1. 1.36017440787
2. 1.31404897755
3. 1.28710569743
4. 1.27106289253
5. 1.27564437941
MIWRS:
1. 1.61937960603
2. 1.60201669641
3. 1.53513780668
4. 1.36362522483
5. 1.37380869739
---

Tue Nov 22 14:47:04 2016
Description: Weighted Content Based Test

Weighted Content Based
---
NMAE:
1. 1.2227215
2. 1.110463625
3. 1.019713625
4. 0.984019625
5. 0.995709625
NRMSE:
1. 1.45987698454
2. 1.35438254613
3. 1.26100222888
4. 1.22669737762
5. 1.23861270228
UIW:
1. 1.1392076713
2. 1.08762963269
3. 1.05747302131
4. 1.0345651111
5. 1.04128435828
MIW:
1. 1.4007376415
2. 1.37917264193
3. 1.30196603701
4. 1.10562570084
5. 1.11475062826
UIWRS:
1. 1.36017440787
2. 1.31404897755
3. 1.28710569743
4. 1.27106289253
5. 1.27564437941
MIWRS:
1. 1.61937960603
2. 1.60201669641
3. 1.53513780668
4. 1.36362522483
5. 1.37380869739
---

Mon Dec  5 10:25:07 2016
Description: Weighted Content Based Test

Weighted Content Based
---
MAE:
1. 0.97054425
2. 0.976905
3. 0.995792125
4. 0.9951675
5. 1.008079375
MMRWAE:
1. 0.977032442556
2. 0.97963844205
3. 1.01381959641
4. 1.06321133334
5. 1.07224681989
MURWAE:
1. 0.962067205047
2. 0.997358765533
3. 1.02854470017
4. 1.02774594174
5. 1.040461617
RMMRWSE:
1. 1.22292991343
2. 1.2256509253
3. 1.265470106
4. 1.33816060592
5. 1.34827044911
RMSE:
1. 1.2128392948
2. 1.22328009875
3. 1.24767966993
4. 1.25236338876
5. 1.26648029248
RMURWSE:
1. 1.20743465495
2. 1.24004954023
3. 1.26899734248
4. 1.27310283996
5. 1.28393806904
---

Mon Dec  5 10:30:05 2016
Description: Weighted Content Based Test

Weighted Content Based
---
MAE:
1. 0.97054425
2. 0.976905
3. 0.995792125
4. 0.9951675
5. 1.008079375
MMRWAE:
1. 0.977032442556
2. 0.97963844205
3. 1.01381959641
4. 1.06321133334
5. 1.07224681989
MURWAE:
1. 0.962067205047
2. 0.997358765533
3. 1.02854470017
4. 1.02774594174
5. 1.040461617
RMMRWSE:
1. 1.22292991343
2. 1.2256509253
3. 1.265470106
4. 1.33816060592
5. 1.34827044911
RMSE:
1. 1.2128392948
2. 1.22328009875
3. 1.24767966993
4. 1.25236338876
5. 1.26648029248
RMURWSE:
1. 1.20743465495
2. 1.24004954023
3. 1.26899734248
4. 1.27310283996
5. 1.28393806904
---

Mon Dec  5 10:36:42 2016
Description: Weighted Content Based Test

Weighted Content Based
---
MAE:
1. 0.97054425
2. 0.976905
3. 0.995792125
4. 0.9951675
5. 1.008079375
MMRWAE:
1. 0.977032442556
2. 0.97963844205
3. 1.01381959641
4. 1.06321133334
5. 1.07224681989
MRSRMSE(0, 49):
1. 1.22807434773
2. 1.24432194871
3. 1.27781971382
4. 1.27111560462
5. 1.2861839459
MRSRMSE(50, 1000):
1. 1.16525343631
2. 1.17379023278
3. 1.16577858282
4. 1.17915691959
5. 1.17607986085
MURWAE:
1. 0.962067205047
2. 0.997358765533
3. 1.02854470017
4. 1.02774594174
5. 1.040461617
RMMRWSE:
1. 1.22292991343
2. 1.2256509253
3. 1.265470106
4. 1.33816060592
5. 1.34827044911
RMSE:
1. 1.2128392948
2. 1.22328009875
3. 1.24767966993
4. 1.25236338876
5. 1.26648029248
RMURWSE:
1. 1.20743465495
2. 1.24004954023
3. 1.26899734248
4. 1.27310283996
5. 1.28393806904
---

